3629.2941 ; 3427.00 ; 3627.42 ; 86.00 ; 
3645.3529 ; 3453.00 ; 3648.37 ; 86.00 ; 
3661.4118 ; 3471.00 ; 3662.68 ; 85.00 ; 
3677.4706 ; 3495.00 ; 3681.52 ; 85.00 ; 
3693.5294 ; 3510.00 ; 3693.14 ; 86.00 ; 
3709.5882 ; 3543.00 ; 3718.29 ; 86.00 ; 
3725.6471 ; 3563.00 ; 3733.25 ; 85.00 ; 
3741.7059 ; 3583.00 ; 3748.00 ; 85.00 ; 
3757.7647 ; 3621.00 ; 3775.39 ; 85.00 ; 
3773.8235 ; 3647.00 ; 3793.64 ; 85.00 ; 
3789.8824 ; 3659.00 ; 3801.93 ; 85.00 ; 
3805.9412 ; 3694.00 ; 3825.61 ; 86.00 ; 
3822.0000 ; 3711.00 ; 3836.83 ; 85.00 ; 
3838.0588 ; 3731.00 ; 3849.80 ; 86.00 ; 
3854.1176 ; 3759.00 ; 3867.52 ; 86.00 ; 
3870.1765 ; 3791.00 ; 3887.13 ; 86.00 ; 
3886.2353 ; 3824.00 ; 3906.61 ; 86.00 ; 
3902.2941 ; 3851.00 ; 3921.97 ; 85.00 ; 
3918.3529 ; 3871.00 ; 3933.01 ; 85.00 ; 
3934.4118 ; 3903.00 ; 3950.06 ; 85.00 ; 
3950.4706 ; 3941.00 ; 3969.28 ; 85.00 ; 
3966.5294 ; 3975.00 ; 3985.51 ; 86.00 ; 
3982.5882 ; 3995.00 ; 3994.62 ; 85.00 ; 
3998.6471 ; 4027.00 ; 4008.51 ; 85.00 ; 
4014.7059 ; 4055.00 ; 4019.95 ; 85.00 ; 
4030.7647 ; 4083.00 ; 4030.71 ; 85.00 ; 
4046.8235 ; 4095.00 ; 4035.10 ; 85.00 ; 
4062.8824 ; 4095.00 ; 4035.10 ; 86.00 ; 
4078.9412 ; 4095.00 ; 4035.10 ; 86.00 ; 
4095.0000 ; 4095.00 ; 4035.10 ; 85.00 ; 
0.0000 ; 0.00 ; 17.59 ; 81.00 ; 
16.0588 ; 0.00 ; 17.59 ; 83.00 ; 
32.1176 ; 0.00 ; 17.59 ; 83.00 ; 
48.1765 ; 4.00 ; 22.46 ; 85.00 ; 
64.2353 ; 24.00 ; 46.71 ; 85.00 ; 
80.2941 ; 41.00 ; 67.21 ; 85.00 ; 
96.3529 ; 54.00 ; 82.83 ; 85.00 ; 
112.4118 ; 66.00 ; 97.20 ; 85.00 ; 
128.4706 ; 82.00 ; 116.30 ; 85.00 ; 
144.5294 ; 100.00 ; 137.68 ; 85.00 ; 
160.5882 ; 112.00 ; 151.89 ; 85.00 ; 
176.6471 ; 128.00 ; 170.77 ; 85.00 ; 
192.7059 ; 132.00 ; 175.48 ; 85.00 ; 
208.7647 ; 153.00 ; 200.12 ; 85.00 ; 
224.8235 ; 173.00 ; 223.48 ; 85.00 ; 
240.8824 ; 185.00 ; 237.45 ; 85.00 ; 
256.9412 ; 192.00 ; 245.58 ; 85.00 ; 
273.0000 ; 211.00 ; 267.58 ; 84.00 ; 
289.0588 ; 224.00 ; 282.59 ; 85.00 ; 
305.1176 ; 240.00 ; 301.00 ; 85.00 ; 
321.1765 ; 257.00 ; 320.49 ; 85.00 ; 
337.2353 ; 275.00 ; 341.07 ; 85.00 ; 
353.2941 ; 281.00 ; 347.91 ; 85.00 ; 
369.3529 ; 290.00 ; 358.15 ; 85.00 ; 
385.4118 ; 316.00 ; 387.66 ; 85.00 ; 
401.4706 ; 328.00 ; 401.23 ; 85.00 ; 
417.5294 ; 348.00 ; 423.78 ; 85.00 ; 
433.5882 ; 356.00 ; 432.78 ; 85.00 ; 
449.6471 ; 368.00 ; 446.26 ; 85.00 ; 
465.7059 ; 384.00 ; 464.19 ; 85.00 ; 
481.7647 ; 402.00 ; 484.30 ; 85.00 ; 
497.8235 ; 412.00 ; 495.45 ; 85.00 ; 
513.8824 ; 432.00 ; 517.70 ; 85.00 ; 
529.9412 ; 453.00 ; 540.99 ; 85.00 ; 
546.0000 ; 464.00 ; 553.16 ; 84.00 ; 
562.0588 ; 481.00 ; 571.93 ; 85.00 ; 
578.1176 ; 488.00 ; 579.65 ; 85.00 ; 
594.1765 ; 508.00 ; 601.66 ; 85.00 ; 
610.2353 ; 528.00 ; 623.62 ; 85.00 ; 
626.2941 ; 544.00 ; 641.14 ; 85.00 ; 
642.3529 ; 554.00 ; 652.08 ; 85.00 ; 
658.4118 ; 576.00 ; 676.10 ; 85.00 ; 
674.4706 ; 592.00 ; 693.53 ; 85.00 ; 
690.5294 ; 608.00 ; 710.93 ; 85.00 ; 
706.5882 ; 617.00 ; 720.71 ; 85.00 ; 
722.6471 ; 633.00 ; 738.07 ; 85.00 ; 
738.7059 ; 646.00 ; 752.15 ; 85.00 ; 
754.7647 ; 658.00 ; 765.14 ; 85.00 ; 
770.8235 ; 670.00 ; 778.11 ; 85.00 ; 
786.8824 ; 684.00 ; 793.22 ; 85.00 ; 
802.9412 ; 700.00 ; 810.48 ; 85.00 ; 
819.0000 ; 713.00 ; 824.48 ; 84.00 ; 
835.0588 ; 731.00 ; 843.85 ; 85.00 ; 
851.1176 ; 750.00 ; 864.27 ; 85.00 ; 
867.1765 ; 758.00 ; 872.85 ; 85.00 ; 
883.2353 ; 779.00 ; 895.38 ; 85.00 ; 
899.2941 ; 786.00 ; 902.88 ; 85.00 ; 
915.3529 ; 806.00 ; 924.29 ; 85.00 ; 
931.4118 ; 820.00 ; 939.27 ; 85.00 ; 
947.4706 ; 832.00 ; 952.10 ; 85.00 ; 
963.5294 ; 846.00 ; 967.05 ; 85.00 ; 
979.5882 ; 860.00 ; 982.00 ; 85.00 ; 
995.6471 ; 876.00 ; 999.07 ; 85.00 ; 
1011.7059 ; 900.00 ; 1024.65 ; 85.00 ; 
1027.7647 ; 893.00 ; 1017.19 ; 86.00 ; 
1043.8235 ; 913.00 ; 1038.50 ; 85.00 ; 
1059.8824 ; 928.00 ; 1054.47 ; 85.00 ; 
1075.9412 ; 944.00 ; 1071.50 ; 85.00 ; 
1092.0000 ; 974.00 ; 1103.41 ; 85.00 ; 
1108.0588 ; 976.00 ; 1105.53 ; 85.00 ; 
1124.1176 ; 989.00 ; 1119.35 ; 86.00 ; 
1140.1765 ; 1008.00 ; 1139.54 ; 85.00 ; 
1156.2353 ; 1023.00 ; 1155.47 ; 85.00 ; 
1172.2941 ; 1036.00 ; 1169.28 ; 85.00 ; 
1188.3529 ; 1047.00 ; 1180.96 ; 85.00 ; 
1204.4118 ; 1074.00 ; 1209.62 ; 85.00 ; 
1220.4706 ; 1083.00 ; 1219.17 ; 85.00 ; 
1236.5294 ; 1099.00 ; 1236.15 ; 85.00 ; 
1252.5882 ; 1107.00 ; 1244.64 ; 86.00 ; 
1268.6471 ; 1125.00 ; 1263.74 ; 85.00 ; 
1284.7059 ; 1136.00 ; 1275.41 ; 85.00 ; 
1300.7647 ; 1158.00 ; 1298.75 ; 85.00 ; 
1316.8235 ; 1168.00 ; 1309.36 ; 86.00 ; 
1332.8824 ; 1168.00 ; 1309.36 ; 85.00 ; 
1348.9412 ; 1191.00 ; 1333.77 ; 85.00 ; 
1365.0000 ; 1208.00 ; 1351.81 ; 85.00 ; 
1381.0588 ; 1229.00 ; 1374.10 ; 85.00 ; 
1397.1176 ; 1242.00 ; 1387.90 ; 85.00 ; 
1413.1765 ; 1259.00 ; 1405.95 ; 85.00 ; 
1429.2353 ; 1267.00 ; 1414.45 ; 86.00 ; 
1445.2941 ; 1282.00 ; 1430.38 ; 86.00 ; 
1461.3529 ; 1303.00 ; 1452.69 ; 85.00 ; 
1477.4118 ; 1322.00 ; 1472.88 ; 85.00 ; 
1493.4706 ; 1325.00 ; 1476.07 ; 85.00 ; 
1509.5294 ; 1343.00 ; 1495.20 ; 85.00 ; 
1525.5882 ; 1359.00 ; 1512.22 ; 85.00 ; 
1541.6471 ; 1376.00 ; 1530.30 ; 85.00 ; 
1557.7059 ; 1394.00 ; 1549.45 ; 85.00 ; 
1573.7647 ; 1411.00 ; 1567.55 ; 85.00 ; 
1589.8235 ; 1419.00 ; 1576.07 ; 86.00 ; 
1605.8824 ; 1440.00 ; 1598.44 ; 85.00 ; 
1621.9412 ; 1456.00 ; 1615.49 ; 85.00 ; 
1638.0000 ; 1459.00 ; 1618.68 ; 84.00 ; 
1654.0588 ; 1486.00 ; 1647.47 ; 85.00 ; 
1670.1176 ; 1494.00 ; 1656.01 ; 85.00 ; 
1686.1765 ; 1524.00 ; 1688.02 ; 85.00 ; 
1702.2353 ; 1527.00 ; 1691.23 ; 85.00 ; 
1718.2941 ; 1535.00 ; 1699.77 ; 85.00 ; 
1734.3529 ; 1562.00 ; 1728.61 ; 85.00 ; 
1750.4118 ; 1580.00 ; 1747.85 ; 85.00 ; 
1766.4706 ; 1591.00 ; 1759.62 ; 85.00 ; 
1782.5294 ; 1609.00 ; 1778.87 ; 85.00 ; 
1798.5882 ; 1623.00 ; 1793.86 ; 85.00 ; 
1814.6471 ; 1633.00 ; 1804.56 ; 85.00 ; 
1830.7059 ; 1643.00 ; 1815.27 ; 85.00 ; 
1846.7647 ; 1666.00 ; 1839.91 ; 85.00 ; 
1862.8235 ; 1679.00 ; 1853.84 ; 85.00 ; 
1878.8824 ; 1695.00 ; 1870.99 ; 86.00 ; 
1894.9412 ; 1707.00 ; 1883.86 ; 86.00 ; 
1911.0000 ; 1717.00 ; 1894.59 ; 85.00 ; 
1927.0588 ; 1735.00 ; 1913.90 ; 85.00 ; 
1943.1176 ; 1744.00 ; 1923.56 ; 86.00 ; 
1959.1765 ; 1773.00 ; 1954.71 ; 85.00 ; 
1975.2353 ; 1776.00 ; 1957.93 ; 86.00 ; 
1991.2941 ; 1792.00 ; 1975.12 ; 85.00 ; 
2007.3529 ; 1824.00 ; 2009.52 ; 85.00 ; 
2023.4118 ; 1825.00 ; 2010.59 ; 86.00 ; 
2039.4706 ; 1843.00 ; 2029.95 ; 85.00 ; 
2055.5294 ; 1888.00 ; 2078.37 ; 85.00 ; 
2071.5882 ; 1887.00 ; 2077.29 ; 85.00 ; 
2087.6471 ; 1895.00 ; 2085.90 ; 85.00 ; 
2103.7059 ; 1926.00 ; 2119.27 ; 85.00 ; 
2119.7647 ; 1936.00 ; 2130.04 ; 85.00 ; 
2135.8235 ; 1951.00 ; 2146.20 ; 85.00 ; 
2151.8824 ; 1976.00 ; 2173.12 ; 85.00 ; 
2167.9412 ; 1984.00 ; 2181.74 ; 86.00 ; 
2184.0000 ; 2000.00 ; 2198.97 ; 85.00 ; 
2200.0588 ; 2019.00 ; 2219.44 ; 85.00 ; 
2216.1176 ; 2019.00 ; 2219.44 ; 86.00 ; 
2232.1765 ; 2046.00 ; 2248.52 ; 85.00 ; 
2248.2353 ; 2043.00 ; 2245.29 ; 86.00 ; 
2264.2941 ; 2078.00 ; 2282.99 ; 85.00 ; 
2280.3529 ; 2093.00 ; 2299.14 ; 85.00 ; 
2296.4118 ; 2112.00 ; 2319.60 ; 85.00 ; 
2312.4706 ; 2116.00 ; 2323.90 ; 85.00 ; 
2328.5294 ; 2138.00 ; 2347.58 ; 85.00 ; 
2344.5882 ; 2151.00 ; 2361.57 ; 86.00 ; 
2360.6471 ; 2163.00 ; 2374.48 ; 85.00 ; 
2376.7059 ; 2183.00 ; 2395.98 ; 85.00 ; 
2392.7647 ; 2191.00 ; 2404.58 ; 85.00 ; 
2408.8235 ; 2199.00 ; 2413.18 ; 86.00 ; 
2424.8824 ; 2224.00 ; 2440.04 ; 86.00 ; 
2440.9412 ; 2230.00 ; 2446.48 ; 85.00 ; 
2457.0000 ; 2245.00 ; 2462.58 ; 85.00 ; 
2473.0588 ; 2259.00 ; 2477.60 ; 85.00 ; 
2489.1176 ; 2285.00 ; 2505.48 ; 85.00 ; 
2505.1765 ; 2294.00 ; 2515.12 ; 85.00 ; 
2521.2353 ; 2297.00 ; 2518.33 ; 86.00 ; 
2537.2941 ; 2323.00 ; 2546.16 ; 86.00 ; 
2553.3529 ; 2341.00 ; 2565.41 ; 85.00 ; 
2569.4118 ; 2363.00 ; 2588.90 ; 85.00 ; 
2585.4706 ; 2375.00 ; 2601.70 ; 85.00 ; 
2601.5294 ; 2384.00 ; 2611.30 ; 86.00 ; 
2617.5882 ; 2399.00 ; 2627.28 ; 85.00 ; 
2633.6471 ; 2416.00 ; 2645.38 ; 86.00 ; 
2649.7059 ; 2430.00 ; 2660.26 ; 86.00 ; 
2665.7647 ; 2443.00 ; 2674.07 ; 86.00 ; 
2681.8235 ; 2463.00 ; 2695.28 ; 85.00 ; 
2697.8824 ; 2475.00 ; 2707.99 ; 86.00 ; 
2713.9412 ; 2491.00 ; 2724.92 ; 85.00 ; 
2730.0000 ; 2511.00 ; 2746.05 ; 85.00 ; 
2746.0588 ; 2514.00 ; 2749.22 ; 85.00 ; 
2762.1176 ; 2530.00 ; 2766.08 ; 85.00 ; 
2778.1765 ; 2546.00 ; 2782.93 ; 85.00 ; 
2794.2353 ; 2559.00 ; 2796.59 ; 85.00 ; 
2810.2941 ; 2559.00 ; 2796.59 ; 85.00 ; 
2826.3529 ; 2607.00 ; 2846.87 ; 85.00 ; 
2842.4118 ; 2607.00 ; 2846.87 ; 85.00 ; 
2858.4706 ; 2624.00 ; 2864.61 ; 85.00 ; 
2874.5294 ; 2637.00 ; 2878.14 ; 85.00 ; 
2890.5882 ; 2651.00 ; 2892.70 ; 85.00 ; 
2906.6471 ; 2670.00 ; 2912.41 ; 86.00 ; 
2922.7059 ; 2679.00 ; 2921.72 ; 85.00 ; 
2938.7647 ; 2699.00 ; 2942.39 ; 85.00 ; 
2954.8235 ; 2715.00 ; 2958.87 ; 85.00 ; 
2970.8824 ; 2723.00 ; 2967.10 ; 86.00 ; 
2986.9412 ; 2743.00 ; 2987.62 ; 86.00 ; 
3003.0000 ; 2753.00 ; 2997.85 ; 85.00 ; 
3019.0588 ; 2774.00 ; 3019.29 ; 85.00 ; 
3035.1176 ; 2786.00 ; 3031.50 ; 86.00 ; 
3051.1765 ; 2811.00 ; 3056.86 ; 85.00 ; 
3067.2353 ; 2815.00 ; 3060.90 ; 85.00 ; 
3083.2941 ; 2827.00 ; 3073.02 ; 85.00 ; 
3099.3529 ; 2837.00 ; 3083.10 ; 85.00 ; 
3115.4118 ; 2862.00 ; 3108.20 ; 85.00 ; 
3131.4706 ; 2877.00 ; 3123.20 ; 85.00 ; 
3147.5294 ; 2891.00 ; 3137.15 ; 85.00 ; 
3163.5882 ; 2906.00 ; 3152.06 ; 85.00 ; 
3179.6471 ; 2927.00 ; 3172.83 ; 85.00 ; 
3195.7059 ; 2929.00 ; 3174.80 ; 85.00 ; 
3211.7647 ; 2950.00 ; 3195.46 ; 85.00 ; 
3227.8235 ; 2954.00 ; 3199.39 ; 85.00 ; 
3243.8824 ; 2978.00 ; 3222.84 ; 85.00 ; 
3259.9412 ; 3005.00 ; 3249.04 ; 85.00 ; 
3276.0000 ; 3009.00 ; 3252.91 ; 84.00 ; 
3292.0588 ; 3024.00 ; 3267.37 ; 85.00 ; 
3308.1176 ; 3047.00 ; 3289.41 ; 85.00 ; 
3324.1765 ; 3067.00 ; 3308.46 ; 86.00 ; 
3340.2353 ; 3088.00 ; 3328.33 ; 85.00 ; 
3356.2941 ; 3101.00 ; 3340.56 ; 86.00 ; 
3372.3529 ; 3119.00 ; 3357.42 ; 85.00 ; 
3388.4118 ; 3141.00 ; 3377.87 ; 85.00 ; 
3404.4706 ; 3143.00 ; 3379.72 ; 85.00 ; 
3420.5294 ; 3167.00 ; 3401.84 ; 85.00 ; 
3436.5882 ; 3187.00 ; 3420.12 ; 85.00 ; 
3452.6471 ; 3203.00 ; 3434.65 ; 86.00 ; 
3468.7059 ; 3223.00 ; 3452.67 ; 85.00 ; 
3484.7647 ; 3243.00 ; 3470.55 ; 85.00 ; 
3500.8235 ; 3263.00 ; 3488.28 ; 85.00 ; 
3516.8824 ; 3279.00 ; 3502.35 ; 85.00 ; 
3532.9412 ; 3295.00 ; 3516.31 ; 86.00 ; 
3549.0000 ; 3317.00 ; 3535.35 ; 85.00 ; 
3565.0588 ; 3343.00 ; 3557.59 ; 85.00 ; 
3581.1176 ; 3359.00 ; 3571.13 ; 85.00 ; 
3597.1765 ; 3383.00 ; 3591.24 ; 85.00 ; 
3613.2353 ; 3406.00 ; 3610.26 ; 86.00 ; 
3629.2941 ; 3427.00 ; 3627.42 ; 85.00 ; 
3645.3529 ; 3447.00 ; 3643.56 ; 85.00 ; 
3661.4118 ; 3475.00 ; 3665.84 ; 85.00 ; 
3677.4706 ; 3503.00 ; 3687.73 ; 85.00 ; 
3693.5294 ; 3515.00 ; 3696.99 ; 85.00 ; 
3709.5882 ; 3536.00 ; 3713.00 ; 85.00 ; 
3725.6471 ; 3568.00 ; 3736.96 ; 85.00 ; 
3741.7059 ; 3583.00 ; 3748.00 ; 85.00 ; 
3757.7647 ; 3619.00 ; 3773.96 ; 85.00 ; 
3773.8235 ; 3639.00 ; 3788.07 ; 85.00 ; 
3789.8824 ; 3659.00 ; 3801.93 ; 85.00 ; 
3805.9412 ; 3687.00 ; 3820.93 ; 86.00 ; 
3822.0000 ; 3693.00 ; 3824.94 ; 85.00 ; 
3838.0588 ; 3739.00 ; 3854.92 ; 86.00 ; 
3854.1176 ; 3767.00 ; 3872.49 ; 85.00 ; 
3870.1765 ; 3790.00 ; 3886.53 ; 86.00 ; 
3886.2353 ; 3823.00 ; 3906.03 ; 86.00 ; 
3902.2941 ; 3854.00 ; 3923.65 ; 85.00 ; 
3918.3529 ; 3886.00 ; 3941.10 ; 85.00 ; 
3934.4118 ; 3910.00 ; 3953.68 ; 86.00 ; 
3950.4706 ; 3935.00 ; 3966.32 ; 85.00 ; 
3966.5294 ; 3983.00 ; 3989.20 ; 86.00 ; 
3982.5882 ; 4019.00 ; 4005.12 ; 86.00 ; 
3998.6471 ; 4023.00 ; 4006.82 ; 85.00 ; 
4014.7059 ; 4063.00 ; 4023.09 ; 85.00 ; 
4030.7647 ; 4077.00 ; 4028.46 ; 85.00 ; 
4046.8235 ; 4095.00 ; 4035.10 ; 85.00 ; 
4062.8824 ; 4095.00 ; 4035.10 ; 85.00 ; 
4078.9412 ; 4095.00 ; 4035.10 ; 85.00 ; 
4095.0000 ; 4095.00 ; 4035.10 ; 84.00 ; 
0.0000 ; 0.00 ; 17.59 ; 81.00 ; 
16.0588 ; 0.00 ; 17.59 ; 82.00 ; 
32.1176 ; 0.00 ; 17.59 ; 83.00 ; 
48.1765 ; 10.00 ; 29.75 ; 85.00 ; 
64.2353 ; 23.00 ; 45.50 ; 85.00 ; 
80.2941 ; 34.00 ; 58.78 ; 84.00 ; 
96.3529 ; 56.00 ; 85.23 ; 85.00 ; 
112.4118 ; 66.00 ; 97.20 ; 85.00 ; 
128.4706 ; 80.00 ; 113.91 ; 85.00 ; 
144.5294 ; 109.00 ; 148.34 ; 85.00 ; 
160.5882 ; 112.00 ; 151.89 ; 85.00 ; 
176.6471 ; 129.00 ; 171.94 ; 85.00 ; 
192.7059 ; 144.00 ; 189.57 ; 85.00 ; 
208.7647 ; 156.00 ; 203.63 ; 85.00 ; 
224.8235 ; 176.00 ; 226.98 ; 85.00 ; 
240.8824 ; 182.00 ; 233.96 ; 85.00 ; 
256.9412 ; 204.00 ; 259.49 ; 84.00 ; 
273.0000 ; 208.00 ; 264.11 ; 84.00 ; 
289.0588 ; 229.00 ; 288.35 ; 85.00 ; 
305.1176 ; 244.00 ; 305.59 ; 85.00 ; 
321.1765 ; 256.00 ; 319.35 ; 85.00 ; 
337.2353 ; 272.00 ; 337.64 ; 85.00 ; 
353.2941 ; 282.00 ; 349.05 ; 84.00 ; 
369.3529 ; 304.00 ; 374.06 ; 85.00 ; 
385.4118 ; 314.00 ; 385.39 ; 85.00 ; 
401.4706 ; 332.00 ; 405.75 ; 85.00 ; 
417.5294 ; 338.00 ; 412.52 ; 85.00 ; 
433.5882 ; 360.00 ; 437.28 ; 85.00 ; 
449.6471 ; 373.00 ; 451.87 ; 85.00 ; 
465.7059 ; 385.00 ; 465.31 ; 85.00 ; 
481.7647 ; 400.00 ; 482.07 ; 85.00 ; 
497.8235 ; 418.00 ; 502.13 ; 85.00 ; 
513.8824 ; 440.00 ; 526.58 ; 85.00 ; 
529.9412 ; 448.00 ; 535.45 ; 85.00 ; 
546.0000 ; 465.00 ; 554.26 ; 84.00 ; 
562.0588 ; 480.00 ; 570.83 ; 85.00 ; 
578.1176 ; 496.00 ; 588.46 ; 85.00 ; 
594.1765 ; 486.00 ; 577.45 ; 85.00 ; 
610.2353 ; 528.00 ; 623.62 ; 85.00 ; 
626.2941 ; 545.00 ; 642.24 ; 85.00 ; 
642.3529 ; 560.00 ; 658.64 ; 85.00 ; 
658.4118 ; 576.00 ; 676.10 ; 85.00 ; 
674.4706 ; 588.00 ; 689.17 ; 84.00 ; 
690.5294 ; 600.00 ; 702.23 ; 85.00 ; 
706.5882 ; 613.00 ; 716.36 ; 85.00 ; 
722.6471 ; 624.00 ; 728.30 ; 85.00 ; 
738.7059 ; 667.00 ; 774.87 ; 85.00 ; 
754.7647 ; 676.00 ; 784.59 ; 85.00 ; 
770.8235 ; 674.00 ; 782.43 ; 85.00 ; 
786.8824 ; 692.00 ; 801.85 ; 85.00 ; 
802.9412 ; 705.00 ; 815.87 ; 85.00 ; 
819.0000 ; 716.00 ; 827.71 ; 85.00 ; 
835.0588 ; 734.00 ; 847.08 ; 85.00 ; 
851.1176 ; 739.00 ; 852.45 ; 85.00 ; 
867.1765 ; 760.00 ; 875.00 ; 85.00 ; 
883.2353 ; 773.00 ; 888.95 ; 85.00 ; 
899.2941 ; 788.00 ; 905.02 ; 85.00 ; 
915.3529 ; 810.00 ; 928.57 ; 85.00 ; 
931.4118 ; 816.00 ; 934.99 ; 85.00 ; 
947.4706 ; 835.00 ; 955.30 ; 85.00 ; 
963.5294 ; 848.00 ; 969.19 ; 85.00 ; 
979.5882 ; 864.00 ; 986.27 ; 85.00 ; 
995.6471 ; 876.00 ; 999.07 ; 85.00 ; 
1011.7059 ; 899.00 ; 1023.59 ; 85.00 ; 
1027.7647 ; 899.00 ; 1023.59 ; 85.00 ; 
1043.8235 ; 913.00 ; 1038.50 ; 85.00 ; 
1059.8824 ; 927.00 ; 1053.41 ; 85.00 ; 
1075.9412 ; 944.00 ; 1071.50 ; 85.00 ; 
1092.0000 ; 960.00 ; 1088.52 ; 85.00 ; 
1108.0588 ; 975.00 ; 1104.47 ; 86.00 ; 
1124.1176 ; 991.00 ; 1121.48 ; 85.00 ; 
1140.1765 ; 1019.00 ; 1151.22 ; 85.00 ; 
1156.2353 ; 1015.00 ; 1146.97 ; 85.00 ; 
1172.2941 ; 1033.00 ; 1166.09 ; 85.00 ; 
1188.3529 ; 1048.00 ; 1182.02 ; 85.00 ; 
1204.4118 ; 1072.00 ; 1207.49 ; 85.00 ; 
1220.4706 ; 1079.00 ; 1214.92 ; 85.00 ; 
1236.5294 ; 1098.00 ; 1235.09 ; 85.00 ; 
1252.5882 ; 1108.00 ; 1245.70 ; 85.00 ; 
1268.6471 ; 1125.00 ; 1263.74 ; 85.00 ; 
1284.7059 ; 1138.00 ; 1277.53 ; 85.00 ; 
1300.7647 ; 1156.00 ; 1296.63 ; 85.00 ; 
1316.8235 ; 1168.00 ; 1309.36 ; 85.00 ; 
1332.8824 ; 1184.00 ; 1326.34 ; 85.00 ; 
1348.9412 ; 1198.00 ; 1341.20 ; 85.00 ; 
1365.0000 ; 1218.00 ; 1362.43 ; 84.00 ; 
1381.0588 ; 1232.00 ; 1377.29 ; 85.00 ; 
1397.1176 ; 1240.00 ; 1385.78 ; 85.00 ; 
1413.1765 ; 1256.00 ; 1402.77 ; 85.00 ; 
1429.2353 ; 1265.00 ; 1412.32 ; 85.00 ; 
1445.2941 ; 1285.00 ; 1433.56 ; 85.00 ; 
1461.3529 ; 1305.00 ; 1454.81 ; 85.00 ; 
1477.4118 ; 1317.00 ; 1467.56 ; 85.00 ; 
1493.4706 ; 1326.00 ; 1477.13 ; 85.00 ; 
1509.5294 ; 1353.00 ; 1505.83 ; 85.00 ; 
1525.5882 ; 1372.00 ; 1526.04 ; 85.00 ; 
1541.6471 ; 1378.00 ; 1532.43 ; 85.00 ; 
1557.7059 ; 1398.00 ; 1553.71 ; 85.00 ; 
1573.7647 ; 1414.00 ; 1570.74 ; 85.00 ; 
1589.8235 ; 1428.00 ; 1585.65 ; 85.00 ; 
1605.8824 ; 1435.00 ; 1593.11 ; 85.00 ; 
1621.9412 ; 1460.00 ; 1619.75 ; 85.00 ; 
1638.0000 ; 1453.00 ; 1612.29 ; 85.00 ; 
1654.0588 ; 1481.00 ; 1642.14 ; 85.00 ; 
1670.1176 ; 1497.00 ; 1659.21 ; 85.00 ; 
1686.1765 ; 1517.00 ; 1680.55 ; 86.00 ; 
1702.2353 ; 1525.00 ; 1689.09 ; 86.00 ; 
1718.2941 ; 1531.00 ; 1695.50 ; 85.00 ; 
1734.3529 ; 1566.00 ; 1732.89 ; 85.00 ; 
1750.4118 ; 1584.00 ; 1752.13 ; 85.00 ; 
1766.4706 ; 1591.00 ; 1759.62 ; 86.00 ; 
1782.5294 ; 1600.00 ; 1769.24 ; 86.00 ; 
1798.5882 ; 1613.00 ; 1783.15 ; 85.00 ; 
1814.6471 ; 1635.00 ; 1806.70 ; 85.00 ; 
1830.7059 ; 1649.00 ; 1821.69 ; 85.00 ; 
1846.7647 ; 1665.00 ; 1838.83 ; 85.00 ; 
1862.8235 ; 1675.00 ; 1849.55 ; 85.00 ; 
1878.8824 ; 1694.00 ; 1869.92 ; 85.00 ; 
1894.9412 ; 1712.00 ; 1889.22 ; 86.00 ; 
1911.0000 ; 1717.00 ; 1894.59 ; 85.00 ; 
1927.0588 ; 1729.00 ; 1907.46 ; 85.00 ; 
1943.1176 ; 1751.00 ; 1931.08 ; 85.00 ; 
1959.1765 ; 1762.00 ; 1942.89 ; 85.00 ; 
1975.2353 ; 1779.00 ; 1961.15 ; 86.00 ; 
1991.2941 ; 1794.00 ; 1977.27 ; 85.00 ; 
2007.3529 ; 1815.00 ; 1999.84 ; 85.00 ; 
2023.4118 ; 1825.00 ; 2010.59 ; 86.00 ; 
2039.4706 ; 1840.00 ; 2026.72 ; 85.00 ; 
2055.5294 ; 1882.00 ; 2071.91 ; 85.00 ; 
2071.5882 ; 1899.00 ; 2090.21 ; 85.00 ; 
2087.6471 ; 1917.00 ; 2109.58 ; 85.00 ; 
2103.7059 ; 1927.00 ; 2120.35 ; 85.00 ; 
2119.7647 ; 1940.00 ; 2134.35 ; 86.00 ; 
2135.8235 ; 1951.00 ; 2146.20 ; 85.00 ; 
2151.8824 ; 1974.00 ; 2170.97 ; 85.00 ; 
2167.9412 ; 1989.00 ; 2187.12 ; 85.00 ; 
2184.0000 ; 2000.00 ; 2198.97 ; 85.00 ; 
2200.0588 ; 2011.00 ; 2210.82 ; 85.00 ; 
2216.1176 ; 2030.00 ; 2231.29 ; 86.00 ; 
2232.1765 ; 2047.00 ; 2249.60 ; 85.00 ; 
2248.2353 ; 2064.00 ; 2267.91 ; 86.00 ; 
2264.2941 ; 2070.00 ; 2274.37 ; 85.00 ; 
2280.3529 ; 2096.00 ; 2302.37 ; 86.00 ; 
2296.4118 ; 2101.00 ; 2307.75 ; 85.00 ; 
2312.4706 ; 2121.00 ; 2329.28 ; 85.00 ; 
2328.5294 ; 2131.00 ; 2340.05 ; 86.00 ; 
2344.5882 ; 2155.00 ; 2365.87 ; 85.00 ; 
2360.6471 ; 2163.00 ; 2374.48 ; 85.00 ; 
2376.7059 ; 2176.00 ; 2388.46 ; 85.00 ; 
2392.7647 ; 2192.00 ; 2405.66 ; 85.00 ; 
2408.8235 ; 2207.00 ; 2421.78 ; 85.00 ; 
2424.8824 ; 2219.00 ; 2434.67 ; 85.00 ; 
2440.9412 ; 2231.00 ; 2447.56 ; 85.00 ; 
2457.0000 ; 2259.00 ; 2477.60 ; 85.00 ; 
2473.0588 ; 2263.00 ; 2481.89 ; 85.00 ; 
2489.1176 ; 2285.00 ; 2505.48 ; 85.00 ; 
2505.1765 ; 2288.00 ; 2508.69 ; 85.00 ; 
2521.2353 ; 2304.00 ; 2525.83 ; 86.00 ; 
2537.2941 ; 2321.00 ; 2544.02 ; 85.00 ; 
2553.3529 ; 2341.00 ; 2565.41 ; 85.00 ; 
2569.4118 ; 2357.00 ; 2582.50 ; 85.00 ; 
2585.4706 ; 2368.00 ; 2594.24 ; 85.00 ; 
2601.5294 ; 2384.00 ; 2611.30 ; 85.00 ; 
2617.5882 ; 2408.00 ; 2636.86 ; 86.00 ; 
2633.6471 ; 2423.00 ; 2652.82 ; 85.00 ; 
2649.7059 ; 2429.00 ; 2659.20 ; 85.00 ; 
2665.7647 ; 2448.00 ; 2679.37 ; 86.00 ; 
2681.8235 ; 2462.00 ; 2694.22 ; 85.00 ; 
2697.8824 ; 2469.00 ; 2701.64 ; 85.00 ; 
2713.9412 ; 2485.00 ; 2718.58 ; 85.00 ; 
2730.0000 ; 2502.00 ; 2736.55 ; 85.00 ; 
2746.0588 ; 2513.00 ; 2748.16 ; 85.00 ; 
2762.1176 ; 2523.00 ; 2758.71 ; 85.00 ; 
2778.1765 ; 2547.00 ; 2783.98 ; 85.00 ; 
2794.2353 ; 2559.00 ; 2796.59 ; 85.00 ; 
2810.2941 ; 2559.00 ; 2796.59 ; 86.00 ; 
2826.3529 ; 2595.00 ; 2834.32 ; 85.00 ; 
2842.4118 ; 2608.00 ; 2847.91 ; 85.00 ; 
2858.4706 ; 2629.00 ; 2869.82 ; 85.00 ; 
2874.5294 ; 2638.00 ; 2879.19 ; 85.00 ; 
2890.5882 ; 2655.00 ; 2896.85 ; 85.00 ; 
2906.6471 ; 2663.00 ; 2905.15 ; 86.00 ; 
2922.7059 ; 2687.00 ; 2930.00 ; 85.00 ; 
2938.7647 ; 2700.00 ; 2943.42 ; 85.00 ; 
2954.8235 ; 2715.00 ; 2958.87 ; 86.00 ; 
2970.8824 ; 2731.00 ; 2975.31 ; 85.00 ; 
2986.9412 ; 2743.00 ; 2987.62 ; 85.00 ; 
3003.0000 ; 2767.00 ; 3012.15 ; 85.00 ; 
3019.0588 ; 2775.00 ; 3020.31 ; 85.00 ; 
3035.1176 ; 2797.00 ; 3042.67 ; 86.00 ; 
3051.1765 ; 2811.00 ; 3056.86 ; 85.00 ; 
3067.2353 ; 2819.00 ; 3064.95 ; 85.00 ; 
3083.2941 ; 2827.00 ; 3073.02 ; 85.00 ; 
3099.3529 ; 2846.00 ; 3092.15 ; 85.00 ; 
3115.4118 ; 2865.00 ; 3111.21 ; 85.00 ; 
3131.4706 ; 2871.00 ; 3117.21 ; 85.00 ; 
3147.5294 ; 2887.00 ; 3133.17 ; 85.00 ; 
3163.5882 ; 2901.00 ; 3147.09 ; 85.00 ; 
3179.6471 ; 2917.00 ; 3162.95 ; 85.00 ; 
3195.7059 ; 2935.00 ; 3180.72 ; 85.00 ; 
3211.7647 ; 2943.00 ; 3188.59 ; 85.00 ; 
3227.8235 ; 2963.00 ; 3208.20 ; 85.00 ; 
3243.8824 ; 2987.00 ; 3231.59 ; 86.00 ; 
3259.9412 ; 3003.00 ; 3247.11 ; 85.00 ; 
3276.0000 ; 3019.00 ; 3262.55 ; 85.00 ; 
3292.0588 ; 3027.00 ; 3270.25 ; 85.00 ; 
3308.1176 ; 3047.00 ; 3289.41 ; 85.00 ; 
3324.1765 ; 3063.00 ; 3304.66 ; 85.00 ; 
3340.2353 ; 3087.00 ; 3327.39 ; 85.00 ; 
3356.2941 ; 3111.00 ; 3349.94 ; 85.00 ; 
3372.3529 ; 3119.00 ; 3357.42 ; 85.00 ; 
3388.4118 ; 3135.00 ; 3372.31 ; 85.00 ; 
3404.4706 ; 3155.00 ; 3390.81 ; 85.00 ; 
3420.5294 ; 3167.00 ; 3401.84 ; 86.00 ; 
3436.5882 ; 3191.00 ; 3423.76 ; 85.00 ; 
3452.6471 ; 3207.00 ; 3438.26 ; 85.00 ; 
3468.7059 ; 3219.00 ; 3449.08 ; 85.00 ; 
3484.7647 ; 3239.00 ; 3466.98 ; 85.00 ; 
3500.8235 ; 3266.00 ; 3490.92 ; 85.00 ; 
3516.8824 ; 3280.00 ; 3503.22 ; 85.00 ; 
3532.9412 ; 3303.00 ; 3523.26 ; 85.00 ; 
3549.0000 ; 3319.00 ; 3537.07 ; 85.00 ; 
3565.0588 ; 3341.00 ; 3555.89 ; 85.00 ; 
3581.1176 ; 3351.00 ; 3564.38 ; 85.00 ; 
3597.1765 ; 3383.00 ; 3591.24 ; 85.00 ; 
3613.2353 ; 3410.00 ; 3613.54 ; 85.00 ; 
3629.2941 ; 3423.00 ; 3624.17 ; 85.00 ; 
3645.3529 ; 3443.00 ; 3640.35 ; 85.00 ; 
3661.4118 ; 3473.00 ; 3664.26 ; 85.00 ; 
3677.4706 ; 3491.00 ; 3678.40 ; 85.00 ; 
3693.5294 ; 3518.00 ; 3699.29 ; 85.00 ; 
3709.5882 ; 3533.00 ; 3710.73 ; 86.00 ; 
3725.6471 ; 3569.00 ; 3737.70 ; 85.00 ; 
3741.7059 ; 3583.00 ; 3748.00 ; 85.00 ; 
3757.7647 ; 3611.00 ; 3768.26 ; 86.00 ; 
3773.8235 ; 3643.00 ; 3790.86 ; 85.00 ; 
3789.8824 ; 3665.00 ; 3806.04 ; 85.00 ; 
3805.9412 ; 3687.00 ; 3820.93 ; 85.00 ; 
3822.0000 ; 3703.00 ; 3831.57 ; 85.00 ; 
3838.0588 ; 3743.00 ; 3857.46 ; 85.00 ; 
3854.1176 ; 3774.00 ; 3876.80 ; 85.00 ; 
3870.1765 ; 3799.00 ; 3891.92 ; 85.00 ; 
3886.2353 ; 3823.00 ; 3906.03 ; 85.00 ; 
3902.2941 ; 3859.00 ; 3926.42 ; 85.00 ; 
3918.3529 ; 3875.00 ; 3935.19 ; 85.00 ; 
3934.4118 ; 3903.00 ; 3950.06 ; 86.00 ; 
3950.4706 ; 3941.00 ; 3969.28 ; 85.00 ; 
3966.5294 ; 3967.00 ; 3981.78 ; 85.00 ; 
3982.5882 ; 3995.00 ; 3994.62 ; 85.00 ; 
3998.6471 ; 4027.00 ; 4008.51 ; 85.00 ; 
4014.7059 ; 4043.00 ; 4015.13 ; 85.00 ; 
4030.7647 ; 4095.00 ; 4035.10 ; 85.00 ; 
4046.8235 ; 4095.00 ; 4035.10 ; 86.00 ; 
4062.8824 ; 4095.00 ; 4035.10 ; 86.00 ; 
4078.9412 ; 4095.00 ; 4035.10 ; 85.00 ; 
4095.0000 ; 4095.00 ; 4035.10 ; 85.00 ; 
