3627.42
3648.37
3662.68
3681.52
3693.14
3718.29
3733.25
3748
3775.39
3793.64
3801.93
3825.61
3836.83
3849.8
3867.52
3887.13
3906.61
3921.97
3933.01
3950.06
3969.28
3985.51
3994.62
4008.51
4019.95
4030.71
4035.1
4035.1
4035.1
4035.1
17.59
17.59
17.59
22.46
46.71
67.21
82.83
97.2
116.3
137.68
151.89
170.77
175.48
200.12
223.48
237.45
245.58
267.58
282.59
301
320.49
341.07
347.91
358.15
387.66
401.23
423.78
432.78
446.26
464.19
484.3
495.45
517.7
540.99
553.16
571.93
579.65
601.66
623.62
641.14
652.08
676.1
693.53
710.93
720.71
738.07
752.15
765.14
778.11
793.22
810.48
824.48
843.85
864.27
872.85
895.38
902.88
924.29
939.27
952.1
967.05
982
999.07
1024.65
1017.19
1038.5
1054.47
1071.5
1103.41
1105.53
1119.35
1139.54
1155.47
1169.28
1180.96
1209.62
1219.17
1236.15
1244.64
1263.74
1275.41
1298.75
1309.36
1309.36
1333.77
1351.81
1374.1
1387.9
1405.95
1414.45
1430.38
1452.69
1472.88
1476.07
1495.2
1512.22
1530.3
1549.45
1567.55
1576.07
1598.44
1615.49
1618.68
1647.47
1656.01
1688.02
1691.23
1699.77
1728.61
1747.85
1759.62
1778.87
1793.86
1804.56
1815.27
1839.91
1853.84
1870.99
1883.86
1894.59
1913.9
1923.56
1954.71
1957.93
1975.12
2009.52
2010.59
2029.95
2078.37
2077.29
2085.9
2119.27
2130.04
2146.2
2173.12
2181.74
2198.97
2219.44
2219.44
2248.52
2245.29
2282.99
2299.14
2319.6
2323.9
2347.58
2361.57
2374.48
2395.98
2404.58
2413.18
2440.04
2446.48
2462.58
2477.6
2505.48
2515.12
2518.33
2546.16
2565.41
2588.9
2601.7
2611.3
2627.28
2645.38
2660.26
2674.07
2695.28
2707.99
2724.92
2746.05
2749.22
2766.08
2782.93
2796.59
2796.59
2846.87
2846.87
2864.61
2878.14
2892.7
2912.41
2921.72
2942.39
2958.87
2967.1
2987.62
2997.85
3019.29
3031.5
3056.86
3060.9
3073.02
3083.1
3108.2
3123.2
3137.15
3152.06
3172.83
3174.8
3195.46
3199.39
3222.84
3249.04
3252.91
3267.37
3289.41
3308.46
3328.33
3340.56
3357.42
3377.87
3379.72
3401.84
3420.12
3434.65
3452.67
3470.55
3488.28
3502.35
3516.31
3535.35
3557.59
3571.13
3591.24
3610.26
3627.42
3643.56
3665.84
3687.73
3696.99
3713
3736.96
3748
3773.96
3788.07
3801.93
3820.93
3824.94
3854.92
3872.49
3886.53
3906.03
3923.65
3941.1
3953.68
3966.32
3989.2
4005.12
4006.82
4023.09
4028.46
4035.1
4035.1
4035.1
4035.1
17.59
17.59
17.59
29.75
45.5
58.78
85.23
97.2
113.91
148.34
151.89
171.94
189.57
203.63
226.98
233.96
259.49
264.11
288.35
305.59
319.35
337.64
349.05
374.06
385.39
405.75
412.52
437.28
451.87
465.31
482.07
502.13
526.58
535.45
554.26
570.83
588.46
577.45
623.62
642.24
658.64
676.1
689.17
702.23
716.36
728.3
774.87
784.59
782.43
801.85
815.87
827.71
847.08
852.45
875
888.95
905.02
928.57
934.99
955.3
969.19
986.27
999.07
1023.59
1023.59
1038.5
1053.41
1071.5
1088.52
1104.47
1121.48
1151.22
1146.97
1166.09
1182.02
1207.49
1214.92
1235.09
1245.7
1263.74
1277.53
1296.63
1309.36
1326.34
1341.2
1362.43
1377.29
1385.78
1402.77
1412.32
1433.56
1454.81
1467.56
1477.13
1505.83
1526.04
1532.43
1553.71
1570.74
1585.65
1593.11
1619.75
1612.29
1642.14
1659.21
1680.55
1689.09
1695.5
1732.89
1752.13
1759.62
1769.24
1783.15
1806.7
1821.69
1838.83
1849.55
1869.92
1889.22
1894.59
1907.46
1931.08
1942.89
1961.15
1977.27
1999.84
2010.59
2026.72
2071.91
2090.21
2109.58
2120.35
2134.35
2146.2
2170.97
2187.12
2198.97
2210.82
2231.29
2249.6
2267.91
2274.37
2302.37
2307.75
2329.28
2340.05
2365.87
2374.48
2388.46
2405.66
2421.78
2434.67
2447.56
2477.6
2481.89
2505.48
2508.69
2525.83
2544.02
2565.41
2582.5
2594.24
2611.3
2636.86
2652.82
2659.2
2679.37
2694.22
2701.64
2718.58
2736.55
2748.16
2758.71
2783.98
2796.59
2796.59
2834.32
2847.91
2869.82
2879.19
2896.85
2905.15
2930
2943.42
2958.87
2975.31
2987.62
3012.15
3020.31
3042.67
3056.86
3064.95
3073.02
3092.15
3111.21
3117.21
3133.17
3147.09
3162.95
3180.72
3188.59
3208.2
3231.59
3247.11
3262.55
3270.25
3289.41
3304.66
3327.39
3349.94
3357.42
3372.31
3390.81
3401.84
3423.76
3438.26
3449.08
3466.98
3490.92
3503.22
3523.26
3537.07
3555.89
3564.38
3591.24
3613.54
3624.17
3640.35
3664.26
3678.4
3699.29
3710.73
3737.7
3748
3768.26
3790.86
3806.04
3820.93
3831.57
3857.46
3876.8
3891.92
3906.03
3926.42
3935.19
3950.06
3969.28
3981.78
3994.62
4008.51
4015.13
4035.1
4035.1
4035.1
4035.1
4035.1
