2321
2335
2353
2375
2384
2406
2415
2427
2447
2461
2471
2483
2502
2519
2531
2547
2559
2581
2595
2610
2625
2642
2659
2671
2687
2699
2717
2715
2746
2749
2770
2789
2809
2822
2827
2843
2863
2871
2896
2901
2917
2939
2949
2975
2979
2994
3024
3027
3047
3071
3089
3119
3120
3139
3152
3167
3203
3207
3223
3247
3267
3283
3299
3322
3344
3357
3391
3419
3431
3454
3471
3499
3515
3543
3569
3601
3615
3647
3663
3691
3709
3747
3760
3803
3813
3851
3871
3909
3933
3989
3987
4021
4061
4091
4095
4095
4095
4095
0
0
0
11
24
42
53
68
80
98
112
128
136
158
176
182
202
213
232
244
260
272
284
312
314
328
341
356
372
384
400
416
435
448
464
480
490
509
528
544
558
576
584
600
619
628
645
650
669
688
700
717
738
748
758
770
784
814
816
828
845
857
880
902
897
918
915
944
962
970
984
1008
1004
1040
1050
1070
1088
1090
1105
1136
1137
1154
1168
1180
1198
1207
1234
1245
1253
1271
1281
1298
1314
1333
1344
1363
1380
1392
1404
1424
1442
1454
1477
1482
1495
1508
1523
1535
1566
1581
1597
1603
1618
1635
1664
1649
1658
1690
1708
1728
1742
1749
1760
1776
1792
1810
1811
1831
1871
1899
1914
1931
1943
1958
1972
1984
1989
2017
2030
2042
2059
2078
2096
2110
2119
2130
2150
2158
2183
2195
2210
2220
2238
2246
2263
2285
2294
2299
2336
2339
2351
2370
2379
2402
2416
2432
2448
2458
2480
2487
2502
2514
2535
2547
2559
2582
2595
2615
2629
2640
2657
2669
2687
2701
2711
2727
2741
2763
2775
2790
2805
2819
2827
2843
2862
2870
2891
2909
2923
2935
2954
2967
2987
3002
3007
3029
3051
3063
3086
3102
3120
3135
3163
3169
3187
3215
3223
3241
3263
3281
3301
3311
3338
3355
3383
3407
3423
3454
3466
3505
3519
3538
3567
3583
3619
3647
3679
3695
3711
3743
3771
3793
3825
3839
3889
3903
3939
3959
3991
4031
4063
4089
4095
4095
4095
4095
